0.558683
0.725275
0.704390
0.510282
0.320587
0.630880
0.703573
0.712531
0.758280
0.634465
0.553960
0.554757
0.690858
0.664566
0.276088
0.533807
0.725938
0.644714
0.440757
0.569993
0.680297
0.691024
0.647077
0.589405
0.511837
0.677391
0.761307
0.690641
0.425699
0.557230
0.261034
0.306602
0.697845
0.311184
0.258611
0.476642
0.456245
0.560494
0.658492
0.648479
0.569948
0.628269
0.573540
0.676689
0.274882
0.448016
0.338838
0.650925
0.500582
0.644752
0.376195
0.358817
0.592064
0.441210
0.535259
0.581795
0.636137
0.499317
0.710486
0.724824
0.730624
0.628514
0.734814
0.310465
0.703355
0.268601
0.516122
0.704445
0.536861
0.285406
0.299645
0.510171
0.614813
0.315379
0.516023
0.592324
0.568333
0.541443
0.601933
0.364179
0.580657
0.588891
0.668459
0.586459
0.511016
0.578386
0.449911
0.622554
0.258026
0.299309
0.274057
0.538704
0.366270
0.278419
0.570693
0.276717
0.604144
0.582022
0.297405
0.693035
0.120723
0.206635
0.595572
0.339926
0.370489
0.114107
0.269388
0.160384
0.115424
0.103921
0.145567
0.194021
0.134018
0.313907
0.106340
0.252637
0.114149
0.254001
0.168275
0.238862
0.315755
0.173643
0.197293
0.410322
0.131393
0.371521
0.255010
0.460171
0.219088
0.149939
0.182124
0.212172
0.164163
0.180457
0.300510
0.363774
0.246334
0.433480
0.234446
0.212607
0.188187
0.280273
0.323297
0.390412
0.138141
0.192706
0.531823
0.177956
0.549575
0.494467
0.382583
0.201659
0.332457
0.115227
0.325252
0.209112
0.511241
0.499310
0.387815
0.290128
0.100831
0.387943
0.294828
0.448247
0.159861
0.511315
0.277603
0.100114
0.178343
0.295578
0.160212
0.195715
0.241446
0.586317
0.101463
0.191663
0.199234
0.330138
0.269376
0.420284
0.418050
0.235729
0.088511
0.489975
0.234337
0.258572
0.368764
0.518365
0.299723
0.092931
0.102295
0.356958
0.282920
0.137219
0.449099
0.214320
0.132700
0.358321
0.461777
0.357642
0.373286
0.241095
0.502840
0.483112
0.453356
0.553723
0.435544
0.327812
0.361494
0.301680
0.367385
0.367925
0.338421
0.211015
0.388099
0.582459
0.313075
0.353586
0.253632
0.535740
0.358158
0.392235
0.434176
0.201380
0.508529
0.288063
0.357211
0.389557
0.341234
0.407958
0.379482
0.188627
0.292200
0.320921
0.118282
0.246429
0.211979
0.458787
0.259442
0.597169
0.322990
0.596586
0.496559
0.535324
0.527250
0.168053
0.190274
0.327351
0.482322
0.150948
0.230969
0.438464
0.457016
0.327750
0.335604
0.322359
0.222418
0.194013
0.286850
0.266496
0.322644
0.374920
0.319620
0.387245
0.361219
0.261237
0.431900
0.324092
0.250345
0.281933
0.573100
0.310991
0.610331
0.211294
0.198399
0.484597
0.188042
0.296811
0.518066
0.495673
0.585979
0.432109
0.340702
0.280660
0.363320
0.469101
0.418772
0.454677
0.496920
0.585804
0.367489
0.315340
0.332049
0.520524
0.489939
0.159755
0.171266
0.249012
0.553541
0.471478
0.453625
0.617519
0.602756
0.488800
0.486396
0.552925
0.703810
0.620667
0.592973
0.448740
0.751788
0.362191
0.616178
0.817060
0.326767
0.545518
0.794009
0.637825
0.557077
0.263694
0.747121
0.441118
0.444176
0.410467
0.464957
0.650244
0.376422
0.460590
0.661083
0.313409
0.661510
0.670060
0.597876
0.605098
0.658571
0.727552
0.411020
0.434132
0.398244
0.243009
0.644817
0.624427
0.240597
0.327944
0.775222
0.388245
0.571394
0.170279
0.354049
0.389245
0.391616
0.536228
0.680587
0.263739
0.710690
0.527365
0.230739
0.604310
0.342500
0.443006
0.248499
0.477493
0.467135
0.433986
0.752215
0.205511
0.278120
0.618311
0.600641
0.359332
0.711820
0.397651
0.473018
0.498726
0.232390
0.309303
0.531444
0.753104
0.388397
0.272814
0.479110
0.718433
0.674616
0.354097
0.544735
0.646232
0.481546
0.515052
0.688584
0.236334
0.357406
0.530102
0.452701
0.240422
0.147251
0.408304
0.697277
0.471017
0.537117
0.455883
0.999804
0.999901
0.999901
0.999398
0.999901
0.999285
0.999901
0.999901
0.985346
0.999901
0.999901
0.999501
0.998853
0.999901
0.999901
0.999901
0.999901
0.999804
0.999901
0.999901
0.999901
0.999901
0.997927
0.999901
0.999804
0.916670
0.999603
0.999901
0.999709
0.999901
0.999901
1.000000
0.999901
0.999901
0.999901
0.999901
0.999901
0.999804
0.999801
0.999901
0.999700
0.999901
0.999804
0.999804
0.999801
0.999303
0.999901
0.999804
0.998629
0.999709
0.999901
0.999901
0.999901
0.999901
0.999598
0.999198
0.999901
0.999804
0.999804
0.999804
0.999901
0.999709
0.999901
0.999901
0.999901
0.999901
0.999901
0.999804
0.999901
0.999901
0.999804
0.999598
0.999901
0.999801
0.999901
0.999901
0.999901
0.999804
0.999804
0.999901
0.999901
0.999901
0.999804
0.999901
0.999901
0.999704
0.997735
0.999700
0.999901
0.999901
0.999901
0.999901
0.999804
0.999901
0.999901
0.999804
0.999901
0.999901
0.999901
0.999804
0.383617
0.316198
0.302788
0.266813
0.470682
0.163109
0.478667
0.376972
0.382045
0.245360
0.549468
0.122145
0.212609
0.450748
0.463457
0.265827
0.163822
0.240084
0.369937
0.323906
0.206488
0.524652
0.427614
0.436358
0.372123
0.342722
0.450340
0.388274
0.250059
0.606079
0.433987
0.351665
0.416474
0.176925
0.383385
0.283064
0.577894
0.325980
0.488544
0.441585
0.358572
0.243882
0.395788
0.309413
0.555134
0.212657
0.421836
0.452687
0.511918
0.282751
0.274064
0.152881
0.349714
0.519750
0.321763
0.292401
0.362905
0.142480
0.403843
0.255965
0.381117
0.454836
0.412004
0.319965
0.503243
0.339562
0.298373
0.242581
0.231936
0.277107
0.326317
0.217940
0.337234
0.262467
0.271183
0.213647
0.473986
0.314988
0.436397
0.385658
0.306688
0.315515
0.210290
0.243931
0.248711
0.202666
0.283951
0.291848
0.306659
0.367935
0.196176
0.189650
0.367073
0.275387
0.316018
0.364648
0.195795
0.249347
0.199931
0.205119
0.650495
0.194202
0.443036
0.698652
0.496491
0.235129
0.688634
0.316434
0.387009
0.514748
0.194869
0.457236
0.679529
0.672963
0.619478
0.547171
0.511421
0.511225
0.744097
0.475602
0.327108
0.750552
0.729263
0.452642
0.398761
0.497308
0.619532
0.475704
0.579857
0.626280
0.639852
0.611733
0.586584
0.574507
0.342816
0.737664
0.594987
0.724212
0.495624
0.493255
0.365586
0.626248
0.424283
0.358832
0.668962
0.716635
0.231251
0.556689
0.732980
0.695620
0.664712
0.538976
0.713370
0.591632
0.204025
0.670574
0.545160
0.585341
0.567890
0.689470
0.683951
0.621032
0.723944
0.734749
0.653792
0.734107
0.525701
0.244098
0.377635
0.259994
0.477602
0.665681
0.244395
0.470921
0.627830
0.634143
0.102846
0.190397
0.648828
0.439728
0.152651
0.633820
0.622577
0.124140
0.615609
0.469687
0.327622
0.636237
0.716322
0.100096
0.345439
0.202197
0.374039
0.248089
0.304365
0.134185
0.387864
0.368664
0.126821
0.448845
0.663648
0.670189
0.857474
0.475031
0.654989
0.842693
0.571581
0.694574
0.452690
0.281818
0.639478
0.760990
0.518361
0.503077
0.292927
0.331788
0.347535
0.607572
0.709883
0.313619
0.411972
0.519864
0.643871
0.360222
0.403325
0.716921
0.633910
0.824313
0.685865
0.771610
0.506366
0.793324
0.763064
0.453927
0.792854
0.719502
0.576121
0.646420
0.681143
0.832127
0.572977
0.662666
0.645654
0.870044
0.346760
0.886215
0.632990
0.789188
0.830454
0.829386
0.824856
0.731384
0.822220
0.458247
0.775286
0.369365
0.454757
0.891464
0.832759
0.482416
0.836847
0.765595
0.901848
0.848685
0.577083
0.863924
0.835944
0.689147
0.894850
0.754906
0.758265
0.267506
0.800305
0.798151
0.824868
0.821199
0.714537
0.852914
0.857218
0.623626
0.940245
0.558376
0.918874
0.887108
0.419193
0.696331
0.671293
0.353313
0.813944
0.874684
0.858182
0.843653
0.520914
0.628177
0.866751
0.775892
0.907811
0.790609
0.416683
0.812346
0.324806
0.338536
0.187028
0.427388
0.477045
0.248886
0.390697
0.221811
0.317121
0.398225
0.108560
0.209790
0.192394
0.147062
0.417410
0.149164
0.141487
0.125527
0.306678
0.353495
0.316748
0.294732
0.409514
0.174745
0.304346
0.325710
0.232009
0.200673
0.265567
0.325907
0.306690
0.240210
0.223744
0.430558
0.399120
0.346576
0.243460
0.363238
0.368449
0.359495
0.383199
0.295829
0.402021
0.224241
0.325666
0.165797
0.373673
0.282342
0.412653
0.511127
0.403705
0.137258
0.387118
0.131215
0.304245
0.205233
0.193375
0.234288
0.415712
0.429121
0.211240
0.111636
0.152064
0.277725
0.134717
0.213587
0.129362
0.207767
0.160369
0.247443
0.445232
0.251544
0.133400
0.274668
0.105060
0.414511
0.400203
0.267385
0.447469
0.273162
0.435739
0.415279
0.327686
0.122697
0.508101
0.255458
0.127331
0.099390
0.102186
0.239980
0.295026
0.289119
0.156035
0.248819
0.333488
0.228532
0.118893
0.168252
0.191167
0.368828
0.419323
0.268471
0.552978
0.135567
0.101547
0.611753
0.747914
0.609716
0.612158
0.771488
0.160740
0.372754
0.761126
0.473823
0.650138
0.172266
0.240584
0.234200
0.395342
0.503341
0.755010
0.359412
0.564349
0.220634
0.405905
0.553815
0.542873
0.337640
0.347983
0.480766
0.628536
0.668767
0.642179
0.726136
0.743190
0.532737
0.655150
0.702037
0.701251
0.742964
0.643932
0.790066
0.758148
0.505861
0.612417
0.322448
0.679510
0.520255
0.580159
0.477822
0.534849
0.433222
0.405550
0.437304
0.516495
0.696653
0.304748
0.689475
0.529939
0.447781
0.338507
0.351455
0.741319
0.475264
0.528917
0.218531
0.342233
0.828299
0.333699
0.313056
0.402118
0.395633
0.566776
0.663961
0.653358
0.371899
0.486842
0.735140
0.314802
0.512105
0.669458
0.536216
0.326150
0.375067
0.693555
0.543314
0.693982
0.297921
0.498846
0.741669
0.375542
0.535326
0.619609
0.259433
0.333408
0.086191
0.619842
0.188820
0.287450
0.132718
